100,3000
0.01354210931669562,0.0000462
1000,  1400,  1600,  1800,  2000,  2200,  2400,  2600,3000
0.385,  0.0284, 0.00887, 0.00293, 0.00101, 0.000356, 0.000128, 0.0000462,6.12e-06
400,600,800,1000, 1200, 1400,  1600,  1800,  2000,  2200,  2400, 2600
2.15,0.205,0.0326,0.00683, 0.0017, 0.000473, 0.000142, 4.51e-05, 1.48e-05,5e-06, 1.71e-06, 5.9e-07
308, 432, 557, 651, 745, 871, 1029,1100
0.01354210931669562, 0.005617969677491303, 0.0013205993021946, 0.0003982919391389629, 0.00018170273864904894, 8.760649473515753e-05, 3.548748280460506e-05, 1.1684554271190975e-05,6e-06
200,400, 800, 1000, 1400, 1800, 2200, 2600
0.18,1.361e-02, 5.697e-04, 1.638e-04, 1.869e-05, 2.641e-06, 4.175e-07, 7.282e-08
200,400,500, 1000, 1400, 1800, 2200, 2600
7.332e-01,5.440e-02, 2.50e-02, 6.553e-04, 7.477e-05, 1.056e-05, 1.670e-06, 2.913e-07
